,stat_mean,pvalue_mean,accept_rate
smvae_beta0.5,47.055569343302025,0.06437053319474553,0.2424249558563861
smvae_beta0.1,130.5260173711653,0.00210426415779357,0.010523837551500883
smvae_beta0.01,258.7438711999934,1.1628088470454505e-05,2.3543260741612713e-05
smvae_beta0.001,365.21549917314115,1.5476256949424752e-06,0.0
smvae_beta0.1_gamma0.0001,122.89463999369865,0.0030181748487391477,0.016951147733961152
smvae_beta0.001_gamma0.0001,289.99941995131974,3.00095976216347e-06,0.0
smvae_beta0.001_gamma0.0003,141.17307540908615,0.012196258884524894,0.04807533843437316
smvae_beta0.001_gamma0.0005,79.7154840501548,0.043963321431155875,0.16727486756915833
smvae_beta0.001_gamma0.001,28.999484548690358,0.1984588723297801,0.588087110064744
smvae_beta0.001_gamma0.01,26.51558147332084,0.20291915444480546,0.5856150676868747
smvae_beta0.001_gamma0.0005_delta0.1,58.430412506869075,0.06665522477513414,0.23738669805768098
smvae_beta0.001_gamma0.0005_delta1.0,38.74495074755544,0.12062461121077647,0.3925367863449088
