,stat_mean,pvalue_mean,accept_rate,model
0,49.89761465244243,0.0656817846693274,0.2447792819305473,mvae_beta0.1_gamma0_epoch100
1,69.76418592344882,0.0299124103053539,0.1220718069452619,mvae_beta0.01_gamma0_epoch100
2,96.54432268484986,0.0074651099996267,0.0355032371983519,mvae_beta0.001_gamma0_epoch100
3,49.61285200978643,0.0537863491919911,0.1896409652736904,mvae_beta0.01_betap_0.001_gamma0
4,72.57838115696339,0.0242387550875293,0.0944555620953502,mvae_beta0.001_gamma0.0001_epoch100
5,47.181057573317126,0.0878319109253495,0.281577398469688,mvae_beta0.001_gamma0.0003_epoch100
6,34.07253085842805,0.1538822789681387,0.4583166568569747,mvae_beta0.001_gamma0.0005_epoch100
7,92.28420959660758,0.0113515683551432,0.0532077692760447,mvae_beta0.001_gamma0.0001
8,45.33746400255735,0.084455323560644,0.2915832842848734,mvae_beta0.001_gamma0.0003
9,34.660140088412575,0.1544400892171404,0.4602236609770453,mvae_beta0.001_gamma0.0005
10,94.79611034229676,0.0069541886739926,0.0349381989405532,mvae_beta0.001_gamma0.0001_delta0.1
11,44.89845003223538,0.0765485879266418,0.2728428487345497,mvae_beta0.001_gamma0.0001_delta1.0
12,43.06605861102525,0.1018714614694896,0.327110064743967,mvae_beta0.0001_gamma0.0003
