,Unnamed: 0.5,Unnamed: 0.4,Unnamed: 0.3,Unnamed: 0.2,Unnamed: 0.1,Unnamed: 0,mvae_beta0.1_gamma0_epoch100,mvae_beta0.01_gamma0_epoch100,mvae_beta0.01_gamma0_epoch100_noklonbatch,mvae_beta0.001_gamma0_epoch100,mvae_beta0.01_gamma0.0001_epoch100,mvae_beta0.001_gamma0.0001,mvae_beta0.001_gamma0.0003,mvae_beta0.001_gamma0.0005,mvae_beta0.001_gamma0.01,mvae_beta0.001_gamma0.0001_delta0.1,mvae_beta0.001_gamma0.0001_delta1.0,mvae_beta0.001_gamma0.0003_delta0.1,mvae_beta0.0001_gamma0.0003,mvae_beta0.01_betap_0.001_gamma0,mvae_beta0.001_gamma0.0001_epoch100,mvae_beta0.001_gamma0.0003_epoch100,mvae_beta0.001_gamma0.0005_epoch100
0,0,0,0,0,0,PWB929_DLC2,0.1393346379647749,0.2340508806262231,0.1831702544031311,0.1902152641878669,0.1902152641878669,0.2070450097847358,0.2234833659491193,0.2172211350293542,0.1863013698630137,0.2007827788649706,0.1663405088062622,0.198825831702544,,,,,
1,1,1,1,1,1,PWB929_DLC1,0.4681069958847736,0.5401234567901234,0.5046296296296297,0.5632716049382716,0.5015432098765432,0.5262345679012346,0.5385802469135802,0.4917695473251028,0.5360082304526749,0.529835390946502,0.5344650205761317,0.5082304526748971,,,,,
2,2,2,2,2,2,PWB931_DLC2,0.2556458897922312,0.3039747064137308,0.2624209575429088,0.2732610659439928,0.2985546522131888,0.3536585365853658,0.2813911472448058,0.2542908762420957,0.2691960252935862,0.3419150858175248,0.2488708220415537,0.2737127371273712,,,,,
3,3,3,3,3,3,PWB931_DLC1,0.3619512195121951,0.44,0.4009756097560976,0.4121951219512195,0.4014634146341463,0.4317073170731707,0.4082926829268292,0.4068292682926829,0.4595121951219512,0.4097560975609756,0.3839024390243902,0.4053658536585366,,,,,
4,4,4,4,4,4,PWB934_DLC2,0.1041872733267392,0.1163864160896801,0.1193537751401252,0.159907682162875,0.1160567095285196,0.1282558522914606,0.1394658753709199,0.1282558522914606,0.1190240685789647,0.1562809099901088,0.1503461918892186,0.1332014507088691,,,,,
5,5,5,5,5,5,PWB934_DLC1,0.5646140503035559,0.6860364267129229,0.6743278404163053,0.7267996530789246,0.6895056374674762,0.733304423243712,0.6608846487424112,0.6179531656548135,0.7445793581960104,0.6981786643538594,0.6825672159583694,0.6682567215958369,,,,,
6,6,6,6,6,6,PWB941_DLC2,0.1804971319311663,0.1254302103250478,0.244359464627151,0.1353728489483747,0.2072657743785851,0.1346080305927342,0.2175908221797323,0.2187380497131931,0.1185468451242829,0.1369024856596558,0.2569789674952198,0.2726577437858508,,,,,
7,7,7,7,7,7,PWB941_DLC1,0.4561460710792305,0.5715683077926312,0.5487447016628627,0.6071079230518422,0.5513531137919792,0.615259210955331,0.5438539289207694,0.4832083469188131,0.5656993805021193,0.566677535050538,0.5171177045973264,0.5334202804043039,,,,,
8,8,8,8,8,8,PWB943_DLC2,0.1943238731218697,0.2347245409015025,0.226711185308848,0.2357262103505843,0.2203672787979966,0.221702838063439,0.2170283806343906,0.2207011686143572,0.2280467445742904,0.2480801335559265,0.2140233722871452,0.2190317195325542,,,,,
9,9,9,9,9,9,PWB943_DLC1,0.5742448330683625,0.685214626391097,0.6448330683624801,0.717329093799682,0.6429252782193958,0.6791732909379968,0.6406995230524642,0.6174880763116057,0.7182829888712242,0.7116057233704293,0.6550079491255962,0.6648648648648648,,,,,
10,10,10,10,10,10,PWB947_DLC2,0.2404907975460122,0.2768916155419222,0.2703476482617586,0.2867075664621676,0.2511247443762781,0.2678936605316973,0.281799591002045,0.2605316973415132,0.2846625766871166,0.2572597137014314,0.2695296523517382,0.261758691206544,,,,,
11,11,11,11,11,11,PWB947_DLC1,0.3744098205854579,0.4216241737488196,0.4792256846081208,0.427289896128423,0.4140698772426818,0.4490084985835694,0.4612842304060434,0.4301227573182247,0.4631728045325779,0.4310670443814919,0.4598677998111425,0.4608120868744098,,,,,
12,12,12,12,12,12,PWB950_DLC2,0.110064935064935,0.1155844155844155,0.1902597402597402,0.1321428571428571,0.1717532467532467,0.1233766233766233,0.1925324675324675,0.149025974025974,0.0668831168831168,0.1331168831168831,0.2146103896103896,0.1987012987012987,,,,,
13,13,13,13,13,13,PWB950_DLC1,0.5366116295764537,0.6213208901651113,0.5653266331658291,0.6532663316582915,0.5983488872936109,0.6220387652548457,0.5660445082555635,0.5287150035893754,0.6611629576453697,0.6277817659727207,0.592964824120603,0.5667623833452979,,,,,
14,14,14,14,14,14,PWB952_DLC2,0.1815943367189904,0.2222222222222222,0.2028316405047707,0.2496152662357648,0.1972914742997845,0.1982148353339489,0.2151431209602954,0.211449676823638,0.2665435518621114,0.2009849184364419,0.2083718067097568,0.1957525392428439,,,,,
15,15,15,15,15,15,PWB952_DLC1,0.4239470936303515,0.5454229028889662,0.5429864253393665,0.5739644970414202,0.5060911938739993,0.5447267664462234,0.5074834667594849,0.4737208492864601,0.5113122171945701,0.4932126696832579,0.529063696484511,0.5161851722937696,,,,,
16,16,16,16,16,PWB929_DLC2,,,,,,,,,,,,,,0.2046966731898238,,,,
17,17,17,17,17,PWB929_DLC1,,,,,,,,,,,,,,0.5195473251028807,,,,
18,18,18,18,18,PWB931_DLC2,,,,,,,,,,,,,,0.2804878048780488,,,,
19,19,19,19,19,PWB931_DLC1,,,,,,,,,,,,,,0.4121951219512195,,,,
20,20,20,20,20,PWB934_DLC2,,,,,,,,,,,,,,0.1229805473128915,,,,
21,21,21,21,21,PWB934_DLC1,,,,,,,,,,,,,,0.6535125758889853,,,,
22,22,22,22,22,PWB941_DLC2,,,,,,,,,,,,,,0.2302103250478011,,,,
23,23,23,23,23,PWB941_DLC1,,,,,,,,,,,,,,0.5317900228236061,,,,
24,24,24,24,24,PWB943_DLC2,,,,,,,,,,,,,,0.2313856427378965,,,,
25,25,25,25,25,PWB943_DLC1,,,,,,,,,,,,,,0.6356120826709062,,,,
26,26,26,26,26,PWB947_DLC2,,,,,,,,,,,,,,0.2556237218813906,,,,
27,27,27,27,27,PWB947_DLC1,,,,,,,,,,,,,,0.4759206798866855,,,,
28,28,28,28,28,PWB950_DLC2,,,,,,,,,,,,,,0.1724025974025974,,,,
29,29,29,29,29,PWB950_DLC1,,,,,,,,,,,,,,0.5789662598707824,,,,
30,30,30,30,30,PWB952_DLC2,,,,,,,,,,,,,,0.2089873807325331,,,,
31,31,31,31,31,PWB952_DLC1,,,,,,,,,,,,,,0.4921684650191437,,,,
32,32,32,32,PWB929_DLC2,,,,,,,,,,,,,,,,0.1835616438356164,,,
33,33,33,33,PWB929_DLC1,,,,,,,,,,,,,,,,0.5180041152263375,,,
34,34,34,34,PWB931_DLC2,,,,,,,,,,,,,,,,0.2872628726287263,,,
35,35,35,35,PWB931_DLC1,,,,,,,,,,,,,,,,0.4097560975609756,,,
36,36,36,36,PWB934_DLC2,,,,,,,,,,,,,,,,0.1173755357731618,,,
37,37,37,37,PWB934_DLC1,,,,,,,,,,,,,,,,0.704683434518647,,,
38,38,38,38,PWB941_DLC2,,,,,,,,,,,,,,,,0.1858508604206501,,,
39,39,39,39,PWB941_DLC1,,,,,,,,,,,,,,,,0.5493968046951418,,,
40,40,40,40,PWB943_DLC2,,,,,,,,,,,,,,,,0.2387312186978297,,,
41,41,41,41,PWB943_DLC1,,,,,,,,,,,,,,,,0.6721780604133545,,,
42,42,42,42,PWB947_DLC2,,,,,,,,,,,,,,,,0.2642126789366053,,,
43,43,43,43,PWB947_DLC1,,,,,,,,,,,,,,,,0.4570349386213408,,,
44,44,44,44,PWB950_DLC2,,,,,,,,,,,,,,,,0.1519480519480519,,,
45,45,45,45,PWB950_DLC1,,,,,,,,,,,,,,,,0.6119885139985642,,,
46,46,46,46,PWB952_DLC2,,,,,,,,,,,,,,,,0.1868267159125884,,,
47,47,47,47,PWB952_DLC1,,,,,,,,,,,,,,,,0.5315001740341107,,,
48,48,48,PWB929_DLC2,,,,,,,,,,,,,,,,,0.1769080234833659,,,
49,49,49,PWB929_DLC1,,,,,,,,,,,,,,,,,0.5257201646090535,,,
50,50,50,PWB931_DLC2,,,,,,,,,,,,,,,,,0.2642276422764227,,,
51,51,51,PWB931_DLC1,,,,,,,,,,,,,,,,,0.3965853658536585,,,
52,52,52,PWB934_DLC2,,,,,,,,,,,,,,,,,0.123310253874052,,,
53,53,53,PWB934_DLC1,,,,,,,,,,,,,,,,,0.6977450130095403,,,
54,54,54,PWB941_DLC2,,,,,,,,,,,,,,,,,0.2294455066921606,,,
55,55,55,PWB941_DLC1,,,,,,,,,,,,,,,,,0.5718943593087707,,,
56,56,56,PWB943_DLC2,,,,,,,,,,,,,,,,,0.2263772954924874,,,
57,57,57,PWB943_DLC1,,,,,,,,,,,,,,,,,0.6422893481717011,,,
58,58,58,PWB947_DLC2,,,,,,,,,,,,,,,,,0.2723926380368098,,,
59,59,59,PWB947_DLC1,,,,,,,,,,,,,,,,,0.4428706326723324,,,
60,60,60,PWB950_DLC2,,,,,,,,,,,,,,,,,0.1818181818181818,,,
61,61,61,PWB950_DLC1,,,,,,,,,,,,,,,,,0.6116295764536971,,,
62,62,62,PWB952_DLC2,,,,,,,,,,,,,,,,,0.1948291782086796,,,
63,63,63,PWB952_DLC1,,,,,,,,,,,,,,,,,0.5287156282631396,,,
64,64,PWB929_DLC2,,,,,,,,,,,,,,,,,,,0.1874755381604696,,
65,65,PWB929_DLC1,,,,,,,,,,,,,,,,,,,0.5390946502057613,,
66,66,PWB931_DLC2,,,,,,,,,,,,,,,,,,,0.2529358626919603,,
67,67,PWB931_DLC1,,,,,,,,,,,,,,,,,,,0.413170731707317,,
68,68,PWB934_DLC2,,,,,,,,,,,,,,,,,,,0.1430926475436861,,
69,69,PWB934_DLC1,,,,,,,,,,,,,,,,,,,0.7133564614050304,,
70,70,PWB941_DLC2,,,,,,,,,,,,,,,,,,,0.2087954110898661,,
71,71,PWB941_DLC1,,,,,,,,,,,,,,,,,,,0.6172155200521683,,
72,72,PWB943_DLC2,,,,,,,,,,,,,,,,,,,0.2113522537562604,,
73,73,PWB943_DLC1,,,,,,,,,,,,,,,,,,,0.6957074721780604,,
74,74,PWB947_DLC2,,,,,,,,,,,,,,,,,,,0.2433537832310838,,
75,75,PWB947_DLC1,,,,,,,,,,,,,,,,,,,0.4660056657223796,,
76,76,PWB950_DLC2,,,,,,,,,,,,,,,,,,,0.2074675324675324,,
77,77,PWB950_DLC1,,,,,,,,,,,,,,,,,,,0.626346015793252,,
78,78,PWB952_DLC2,,,,,,,,,,,,,,,,,,,0.2092951677439212,,
79,79,PWB952_DLC1,,,,,,,,,,,,,,,,,,,0.5666550643926209,,
80,PWB929_DLC2,,,,,,,,,,,,,,,,,,,,,0.2258317025440313,
81,PWB929_DLC1,,,,,,,,,,,,,,,,,,,,,0.5334362139917695,
82,PWB931_DLC2,,,,,,,,,,,,,,,,,,,,,0.2714543812104787,
83,PWB931_DLC1,,,,,,,,,,,,,,,,,,,,,0.4024390243902439,
84,PWB934_DLC2,,,,,,,,,,,,,,,,,,,,,0.1341905703923508,
85,PWB934_DLC1,,,,,,,,,,,,,,,,,,,,,0.6565481352992194,
86,PWB941_DLC2,,,,,,,,,,,,,,,,,,,,,0.2313575525812619,
87,PWB941_DLC1,,,,,,,,,,,,,,,,,,,,,0.5516791653081187,
88,PWB943_DLC2,,,,,,,,,,,,,,,,,,,,,0.2146911519198664,
89,PWB943_DLC1,,,,,,,,,,,,,,,,,,,,,0.6317965023847377,
90,PWB947_DLC2,,,,,,,,,,,,,,,,,,,,,0.2760736196319018,
91,PWB947_DLC1,,,,,,,,,,,,,,,,,,,,,0.4612842304060434,
92,PWB950_DLC2,,,,,,,,,,,,,,,,,,,,,0.1655844155844155,
93,PWB950_DLC1,,,,,,,,,,,,,,,,,,,,,0.5610193826274228,
94,PWB952_DLC2,,,,,,,,,,,,,,,,,,,,,0.2185287780855647,
95,PWB952_DLC1,,,,,,,,,,,,,,,,,,,,,0.5207100591715976,
PWB929_DLC2,,,,,,,,,,,,,,,,,,,,,,,0.20469667318982387
PWB929_DLC1,,,,,,,,,,,,,,,,,,,,,,,0.5195473251028807
PWB931_DLC2,,,,,,,,,,,,,,,,,,,,,,,0.24028906955736223
PWB931_DLC1,,,,,,,,,,,,,,,,,,,,,,,0.395609756097561
PWB934_DLC2,,,,,,,,,,,,,,,,,,,,,,,0.11968348170128586
PWB934_DLC1,,,,,,,,,,,,,,,,,,,,,,,0.6127493495229835
PWB941_DLC2,,,,,,,,,,,,,,,,,,,,,,,0.20229445506692162
PWB941_DLC1,,,,,,,,,,,,,,,,,,,,,,,0.47440495598304533
PWB943_DLC2,,,,,,,,,,,,,,,,,,,,,,,0.2330550918196995
PWB943_DLC1,,,,,,,,,,,,,,,,,,,,,,,0.5777424483306837
PWB947_DLC2,,,,,,,,,,,,,,,,,,,,,,,0.2588957055214724
PWB947_DLC1,,,,,,,,,,,,,,,,,,,,,,,0.4400377714825307
PWB950_DLC2,,,,,,,,,,,,,,,,,,,,,,,0.15
PWB950_DLC1,,,,,,,,,,,,,,,,,,,,,,,0.5082555635319455
PWB952_DLC2,,,,,,,,,,,,,,,,,,,,,,,0.21637426900584794
PWB952_DLC1,,,,,,,,,,,,,,,,,,,,,,,0.47928994082840237
