,Unnamed: 0.2,Unnamed: 0.1,Unnamed: 0,mvae_beta0.1_gamma0_epoch100,mvae_beta0.01_gamma0_epoch100,mvae_beta0.001_gamma0_epoch100,mvae_beta0.01_betap_0.001_gamma0,mvae_beta0.001_gamma0.0001,mvae_beta0.001_gamma0.0003,mvae_beta0.001_gamma0.0005,mvae_beta0.001_gamma0.0001_delta0.1,mvae_beta0.001_gamma0.0001_delta1.0,mvae_beta0.0001_gamma0.0003,mvae_beta0.001_gamma0.0001_epoch100,mvae_beta0.001_gamma0.0003_epoch100,mvae_beta0.001_gamma0.0005_epoch100
0,0,0,PWB929_DLC2,0.1835616438356164,0.2512720156555773,0.1393346379647749,0.1886497064579256,0.1729941291585127,0.1753424657534246,0.1592954990215264,0.1843444227005871,0.1792563600782779,0.1412915851272015,,,
1,1,1,PWB929_DLC1,0.3960905349794238,0.5308641975308642,0.5020576131687243,0.4835390946502058,0.4969135802469135,0.470679012345679,0.485082304526749,0.426440329218107,0.4830246913580246,0.4696502057613169,,,
2,2,2,PWB931_DLC2,0.1463414634146341,0.3441734417344173,0.2687443541102077,0.2737127371273712,0.2280939476061427,0.1680216802168021,0.1282746160794941,0.3130081300813008,0.2118337850045167,0.1752484191508581,,,
3,3,3,PWB931_DLC1,0.4302439024390244,0.4282926829268292,0.4263414634146341,0.4112195121951219,0.4097560975609756,0.4448780487804878,0.4253658536585366,0.4126829268292682,0.4195121951219512,0.4078048780487804,,,
4,4,4,PWB934_DLC2,0.1239696669963732,0.1028684470820969,0.1259479063633366,0.1299043850972634,0.1015496208374546,0.1186943620178041,0.1028684470820969,0.1088031651829871,0.1127596439169139,0.0883613583910319,,,
5,5,5,PWB934_DLC1,0.6027753686036427,0.6027753686036427,0.6439722463139635,0.6652211621856028,0.6209887250650477,0.5698178664353859,0.5993061578490894,0.5602775368603643,0.6266261925411969,0.6027753686036427,,,
6,6,6,PWB941_DLC2,0.075717017208413,0.1055449330783938,0.1223709369024856,0.1342256214149139,0.1017208413001912,0.0799235181644359,0.0803059273422562,0.0783938814531548,0.1246653919694072,0.1017208413001912,,,
7,7,7,PWB941_DLC1,0.5024453863710466,0.5634170198891425,0.5784153896315618,0.5793935441799805,0.5842843169220737,0.5823280078252364,0.5526573198565373,0.5083143136615585,0.5353765895011412,0.5353765895011412,,,
8,8,8,PWB943_DLC2,0.2774624373956594,0.1796327212020033,0.1973288814691152,0.2103505843071786,0.2036727879799666,0.211686143572621,0.2554257095158597,0.2477462437395659,0.2283806343906511,0.1846410684474123,,,
9,9,9,PWB943_DLC1,0.6054054054054054,0.6626391096979333,0.6441971383147854,0.6578696343402226,0.6063593004769475,0.6451510333863275,0.663275039745628,0.5758346581875994,0.6454689984101749,0.6543720190779014,,,
10,10,10,PWB947_DLC2,0.2535787321063394,0.298159509202454,0.2646216768916155,0.2715746421267894,0.2940695296523517,0.2993865030674846,0.2666666666666666,0.310838445807771,0.2715746421267894,0.2478527607361963,,,
11,11,11,PWB947_DLC1,0.3385269121813031,0.4003777148253069,0.4098205854579792,0.4055712936732766,0.4008498583569405,0.4324834749763928,0.3555240793201133,0.3715769593956562,0.4254013220018885,0.3814919735599622,,,
12,12,12,PWB950_DLC2,0.05,0.0597402597402597,0.062012987012987,0.0756493506493506,0.0551948051948051,0.048051948051948,0.05,0.0529220779220779,0.0642857142857142,0.0733766233766233,,,
13,13,13,PWB950_DLC1,0.6130653266331658,0.6166547020818378,0.5872218234027279,0.6062455132806892,0.6177315147164394,0.5732232591529074,0.5940416367552046,0.6069633883704235,0.5933237616654702,0.6191672648959081,,,
14,14,14,PWB952_DLC2,0.1569713758079409,0.2616189596799015,0.1975992613111726,0.2092951677439212,0.2225300092336103,0.1945213911972914,0.2009849184364419,0.2003693444136657,0.2016004924592182,0.1729763004001231,,,
15,15,15,PWB952_DLC1,0.383223111729899,0.4215106160807518,0.4831186912634876,0.495997215454229,0.2888966237382527,0.4281239122868082,0.3689523146536721,0.3943612948137835,0.3961016359206404,0.4316045945005221,,,
16,16,PWB929_DLC2,,,,,,,,,,,,0.1573385518590998,,
17,17,PWB929_DLC1,,,,,,,,,,,,0.4783950617283951,,
18,18,PWB931_DLC2,,,,,,,,,,,,0.2597109304426377,,
19,19,PWB931_DLC1,,,,,,,,,,,,0.4248780487804878,,
20,20,PWB934_DLC2,,,,,,,,,,,,0.1315529179030662,,
21,21,PWB934_DLC1,,,,,,,,,,,,0.673460537727667,,
22,22,PWB941_DLC2,,,,,,,,,,,,0.2003824091778202,,
23,23,PWB941_DLC1,,,,,,,,,,,,0.5621128138245843,,
24,24,PWB943_DLC2,,,,,,,,,,,,0.1903171953255425,,
25,25,PWB943_DLC1,,,,,,,,,,,,0.6553259141494435,,
26,26,PWB947_DLC2,,,,,,,,,,,,0.2261758691206544,,
27,27,PWB947_DLC1,,,,,,,,,,,,0.3918791312559018,,
28,28,PWB950_DLC2,,,,,,,,,,,,0.1373376623376623,,
29,29,PWB950_DLC1,,,,,,,,,,,,0.5886575735821967,,
30,30,PWB952_DLC2,,,,,,,,,,,,0.1683594952293013,,
31,31,PWB952_DLC1,,,,,,,,,,,,0.4768534632788026,,
32,PWB929_DLC2,,,,,,,,,,,,,,0.1636007827788649,
33,PWB929_DLC1,,,,,,,,,,,,,,0.4593621399176955,
34,PWB931_DLC2,,,,,,,,,,,,,,0.2362240289069557,
35,PWB931_DLC1,,,,,,,,,,,,,,0.4278048780487805,
36,PWB934_DLC2,,,,,,,,,,,,,,0.1335311572700296,
37,PWB934_DLC1,,,,,,,,,,,,,,0.6621856027753686,
38,PWB941_DLC2,,,,,,,,,,,,,,0.145697896749522,
39,PWB941_DLC1,,,,,,,,,,,,,,0.5722204108249104,
40,PWB943_DLC2,,,,,,,,,,,,,,0.1782971619365609,
41,PWB943_DLC1,,,,,,,,,,,,,,0.6670906200317965,
42,PWB947_DLC2,,,,,,,,,,,,,,0.2699386503067484,
43,PWB947_DLC1,,,,,,,,,,,,,,0.3914069877242682,
44,PWB950_DLC2,,,,,,,,,,,,,,0.0746753246753246,
45,PWB950_DLC1,,,,,,,,,,,,,,0.5768126346015793,
46,PWB952_DLC2,,,,,,,,,,,,,,0.1963681132656202,
47,PWB952_DLC1,,,,,,,,,,,,,,0.4761573268360599,
PWB929_DLC2,,,,,,,,,,,,,,,,0.1726027397260274
PWB929_DLC1,,,,,,,,,,,,,,,,0.4696502057613169
PWB931_DLC2,,,,,,,,,,,,,,,,0.3071364046973803
PWB931_DLC1,,,,,,,,,,,,,,,,0.42341463414634145
PWB934_DLC2,,,,,,,,,,,,,,,,0.11407847016155621
PWB934_DLC1,,,,,,,,,,,,,,,,0.6491760624457936
PWB941_DLC2,,,,,,,,,,,,,,,,0.16252390057361377
PWB941_DLC1,,,,,,,,,,,,,,,,0.5513531137919792
PWB943_DLC2,,,,,,,,,,,,,,,,0.1652754590984975
PWB943_DLC1,,,,,,,,,,,,,,,,0.6562798092209857
PWB947_DLC2,,,,,,,,,,,,,,,,0.2408997955010225
PWB947_DLC1,,,,,,,,,,,,,,,,0.4183191690273843
PWB950_DLC2,,,,,,,,,,,,,,,,0.08961038961038961
PWB950_DLC1,,,,,,,,,,,,,,,,0.5807609475951184
PWB952_DLC2,,,,,,,,,,,,,,,,0.18436441982148352
PWB952_DLC1,,,,,,,,,,,,,,,,0.5005221023320571
