,X_mvae_beta0.001_gamma0.0001_delta0.1_z2_batch_free,X_mvae_beta0.001_gamma0_epoch100_z2_batch_free,Harmony,scVI,PCA,X_vaeb,X_mvae_beta0.1_gamma0_epoch100_z2_batch_free,X_mvae_beta0.01_gamma0_epoch100_z2_batch_free,X_mvae_beta0.001_gamma0.0001_epoch100_z2_batch_free,X_mvae_beta0.001_gamma0.0003_epoch100_z2_batch_free,X_mvae_beta0.001_gamma0.0005_epoch100_z2_batch_free,X_mvae_beta0.001_gamma0.0001_delta1.0_z2_batch_free
PWB929_DLC2,0.18356164383561643,0.14520547945205478,0.16868884540117418,0.1726027397260274,0.21761252446183954,0.15812133072407045,0.17455968688845402,0.2512720156555773,0.15772994129158513,0.16634050880626222,0.1675146771037182,0.17573385518590998
PWB929_DLC1,0.43415637860082307,0.51440329218107,0.5648148148148148,0.5848765432098766,0.5684156378600823,0.3425925925925926,0.3950617283950617,0.5272633744855967,0.4773662551440329,0.46141975308641975,0.4742798353909465,0.4794238683127572
PWB931_DLC2,0.3206865401987353,0.2696476964769648,0.4010840108401084,0.3893405600722674,0.2908762420957543,0.1919602529358627,0.14182475158084915,0.3428184281842818,0.26196928635953026,0.24525745257452575,0.3057813911472448,0.20596205962059622
PWB931_DLC1,0.4146341463414634,0.4253658536585366,0.45658536585365855,0.45463414634146343,0.46146341463414636,0.4190243902439024,0.4302439024390244,0.42878048780487804,0.4297560975609756,0.42878048780487804,0.4268292682926829,0.4224390243902439
PWB934_DLC2,0.10880316518298715,0.1242993735575338,0.12594790636333664,0.14606000659413124,0.13550939663699307,0.1061655126937026,0.12331025387405209,0.10286844708209693,0.13781734256511705,0.12792614573030003,0.11308935047807452,0.11177052423343224
PWB934_DLC1,0.5555073720728534,0.6522116218560278,0.7302688638334779,0.7324371205550737,0.6747614917606245,0.6032090199479618,0.606244579358196,0.601040763226366,0.6730268863833477,0.6643538594969645,0.6465741543798785,0.6309627059843885
PWB941_DLC2,0.07533460803059273,0.12237093690248566,0.25544933078393883,0.2237093690248566,0.16520076481835563,0.08795411089866156,0.07839388145315487,0.10707456978967496,0.2,0.13537284894837476,0.15487571701720843,0.12466539196940726
PWB941_DLC1,0.5102706227583959,0.57971959569612,0.563743071405282,0.5709162047603521,0.5079882621454189,0.46951418324095207,0.5050537985001631,0.5614607107923052,0.5520052168242582,0.5745027714378872,0.5477665471144441,0.5321160743397457
PWB943_DLC2,0.25275459098497494,0.1976627712854758,0.2500834724540901,0.23939899833055092,0.38196994991652755,0.1419031719532554,0.276126878130217,0.18196994991652754,0.19031719532554256,0.17228714524207012,0.16460767946577629,0.24941569282136894
PWB943_DLC1,0.5739268680445151,0.6461049284578696,0.729093799682035,0.6982511923688395,0.6944356120826709,0.5977742448330684,0.6108108108108108,0.6639109697933228,0.6600953895071542,0.6677265500794912,0.6553259141494435,0.6473767885532591
PWB947_DLC2,0.3071574642126789,0.2650306748466258,0.27689161554192226,0.29897750511247445,0.33496932515337424,0.25807770961145193,0.249079754601227,0.3002044989775051,0.2212678936605317,0.27361963190184047,0.23558282208588957,0.2650306748466258
PWB947_DLC1,0.3663833805476865,0.39565627950897075,0.4726156751652502,0.47780925401322,0.5283286118980169,0.3814919735599622,0.3295561850802644,0.3975448536355052,0.3899905571293673,0.3881019830028329,0.4121813031161473,0.43201133144475923
PWB950_DLC2,0.05454545454545454,0.05974025974025974,0.22337662337662337,0.19253246753246753,0.08733766233766234,0.05909090909090909,0.05097402597402598,0.060064935064935064,0.14025974025974025,0.07694805194805195,0.09025974025974026,0.0646103896103896
PWB950_DLC1,0.6066044508255564,0.5825556353194544,0.6633165829145728,0.6507537688442211,0.669059583632448,0.48133524766690594,0.6119885139985642,0.6101938262742282,0.5875807609475951,0.5764536970567121,0.5789662598707824,0.5922469490308686
PWB952_DLC2,0.1951369652200677,0.19544475223145583,0.2092951677439212,0.2296091104955371,0.2376115727916282,0.18559556786703602,0.16558941212680825,0.26469682979378273,0.16866728224068944,0.19883040935672514,0.18651892890120036,0.20406278855032317
PWB952_DLC1,0.39888618169161155,0.4845109641489732,0.5269752871562826,0.5722241559345632,0.5179255134006265,0.39644970414201186,0.3755656108597285,0.42429516185172295,0.4803341454925165,0.4761573268360599,0.49530107901148623,0.39575356769926906
