,Unnamed: 0,smvae_beta0.01,smvae_beta0.001,smvae_beta0.001_gamma0.0001,smvae_beta0.001_gamma0.0003,smvae_beta0.001_gamma0.0005,smvae_beta0.001_gamma0.001,smvae_beta0.001_gamma0.01,smvae_beta0.001_gamma0.0001_delta0.1,smvae_beta0.001_gamma0.0005_delta0.1,smvae_beta0.1,smvae_beta0.1_gamma0.0001,smvae_beta0.001_gamma0.0005_delta1.0
0,PWB929_DLC2,0.1808219178082191,0.185518590998043,0.1992172211350293,0.1772994129158512,0.1455968688845401,0.1397260273972602,0.1565557729941291,0.1890410958904109,0.1526418786692759,0.1682974559686888,0.1636007827788649,
1,PWB929_DLC1,0.3698559670781893,0.404320987654321,0.5344650205761317,0.5370370370370371,0.4917695473251028,0.4398148148148148,0.4068930041152263,0.4943415637860082,0.4768518518518518,0.5010288065843621,0.4953703703703703,
2,PWB931_DLC2,0.1269196025293586,0.1097560975609756,0.1495031616982836,0.2705510388437218,0.2845528455284553,0.2267389340560072,0.2416440831074977,0.2773261065943992,0.2195121951219512,0.2619692863595302,0.2073170731707317,
3,PWB931_DLC1,0.3707317073170731,0.2678048780487805,0.388780487804878,0.3804878048780488,0.3575609756097561,0.3209756097560975,0.3639024390243902,0.353170731707317,0.3770731707317073,0.3570731707317073,0.3878048780487805,
4,PWB934_DLC2,0.1519947246950214,0.1473788328387734,0.1932080448400923,0.1470491262776129,0.1163864160896801,0.1229805473128915,0.1249587866798549,0.1259479063633366,0.1137487636003956,0.1190240685789647,0.108143752060666,
5,PWB934_DLC1,0.5858629661751952,0.4939288811795316,0.6682567215958369,0.6209887250650477,0.6574154379878577,0.5468343451864701,0.5802254986990459,0.6248915871639202,0.6231569817866436,0.5667823070251518,0.6157849089332177,
6,PWB941_DLC2,0.0451242829827915,0.0760994263862332,0.0504780114722753,0.1506692160611854,0.2103250478011472,0.1797323135755258,0.1759082217973231,0.0745697896749522,0.2110898661567877,0.1223709369024856,0.1070745697896749,
7,PWB941_DLC1,0.4538637104662537,0.5105966742745354,0.4626671014020215,0.5679817411150961,0.5255950440169547,0.4114770133681121,0.3984349527225301,0.5582001956309097,0.5223345288555592,0.481904140854255,0.4711444408216498,
8,PWB943_DLC2,0.2113522537562604,0.2390651085141903,0.1816360601001669,0.2427378964941569,0.2010016694490818,0.1889816360601001,0.1846410684474123,0.1843071786310517,0.1963272120200334,0.1779632721202003,0.1729549248747913,
9,PWB943_DLC1,0.6015898251192369,0.589825119236884,0.6292527821939586,0.6327503974562798,0.6031796502384738,0.5039745627980922,0.5373608903020668,0.6324324324324324,0.5697933227344992,0.6012718600953895,0.615262321144674,
10,PWB947_DLC2,0.2621676891615542,0.256441717791411,0.2413087934560327,0.27280163599182,0.2588957055214724,0.2441717791411043,0.2605316973415132,0.2777096114519427,0.2515337423312883,0.2556237218813906,0.2642126789366053,
11,PWB947_DLC1,0.3729933899905571,0.5372993389990557,0.4154863078375826,0.4244570349386213,0.4452313503305005,0.3923512747875354,0.4069877242681775,0.4046270066100094,0.4022662889518413,0.3923512747875354,0.4017941454202077,
12,PWB950_DLC2,0.037012987012987,0.0415584415584415,0.0366883116883116,0.1623376623376623,0.1701298701298701,0.1146103896103896,0.1237012987012987,0.0415584415584415,0.1340909090909091,0.0422077922077922,0.0626623376623376,
13,PWB950_DLC1,0.4450825556353194,0.6346015793251975,0.6098348887293611,0.6058865757358219,0.5775305096913137,0.4702081837760229,0.5416367552045944,0.6051687006460876,0.5283560660445082,0.5739411342426418,0.5545585068198133,
14,PWB952_DLC2,0.2566943674976916,0.0935672514619883,0.1935980301631271,0.2228377962449984,0.1819021237303786,0.1917513080947984,0.1954447522314558,0.2742382271468144,0.1837488457987073,0.2052939365958756,0.1745152354570637,
15,PWB952_DLC1,0.4068917507831535,0.3853115210581274,0.3376261747302471,0.5391576749042812,0.5402018795683954,0.4068917507831535,0.4093282283327532,0.4054994778976679,0.4528367560041768,0.422554820744866,0.3887922032718413,
PWB929_DLC2,,,,,,,,,,,,,0.16046966731898238
PWB929_DLC1,,,,,,,,,,,,,0.5396090534979424
PWB931_DLC2,,,,,,,,,,,,,0.25564588979223124
PWB931_DLC1,,,,,,,,,,,,,0.39707317073170734
PWB934_DLC2,,,,,,,,,,,,,0.11144081767227168
PWB934_DLC1,,,,,,,,,,,,,0.5802254986990459
PWB941_DLC2,,,,,,,,,,,,,0.20191204588910133
PWB941_DLC1,,,,,,,,,,,,,0.44669057711118354
PWB943_DLC2,,,,,,,,,,,,,0.21535893155258765
PWB943_DLC1,,,,,,,,,,,,,0.5481717011128776
PWB947_DLC2,,,,,,,,,,,,,0.25644171779141106
PWB947_DLC1,,,,,,,,,,,,,0.421152030217186
PWB950_DLC2,,,,,,,,,,,,,0.12435064935064935
PWB950_DLC1,,,,,,,,,,,,,0.5247666905958364
PWB952_DLC2,,,,,,,,,,,,,0.19205909510618652
PWB952_DLC1,,,,,,,,,,,,,0.4469195962408632
